1000
888 499 576 749 137 329 700 630 124 169 575 129 970 378 66 154 269 900 813 644 147 789 937 927 536 232 131 283 962 552 171 684 54 854 4 150 78 69 434 488 286 285 852 208 146 598 558 544 979 4 65 617 213 890 211 383 875 492 972 932 845 953 930 756 815 78 227 611 633 877 498 745 754 342 101 969 466 41 281 414 79 675 310 936 303 153 824 914 327 246 35 122 418 635 82 988 178 197 393 43 799 290 578 222 473 237 186 231 995 320 635 482 194 378 1 160 416 470 962 270 623 105 408 746 301 356 815 742 269 532 420 505 238 764 35 306 510 927 616 41 627 190 8 194 138 416 273 685 450 901 866 52 234 782 262 639 763 271 670 143 803 178 253 190 414 761 845 29 35 650 292 759 17 279 378 669 153 116 545 161 264 913 285 732 173 178 457 41 704 850 105 370 809 545 491 934 63 454 720 688 728 61 750 870 626 597 958 958 452 780 873 219 100 365 829 444 142 529 775 335 677 453 607 431 577 515 323 519 337 451 425 152 997 72 238 529 385 930 941 945 382 287 611 893 318 133 542 474 959 166 678 535 52 438 264 971 441 165 230 844 756 309 478 538 619 561 382 192 508 341 867 535 607 794 347 500 580 879 104 945 855 569 87 156 463 42 779 18 321 1 631 187 212 3 102 176 514 469 530 955 660 540 910 674 469 396 326 815 826 256 755 209 483 87 200 179 101 115 659 459 337 189 631 297 863 772 103 177 690 30 863 995 139 638 849 912 551 318 899 277 10 453 0 978 974 137 773 424 92 711 912 97 929 367 265 854 411 381 253 219 893 324 958 685 702 988 439 1000 551 617 177 965 830 691 439 198 314 346 192 722 71 407 884 16 423 498 835 251 908 903 803 382 531 909 490 552 251 364 495 8 280 675 238 850 753 459 514 811 79 965 388 692 296 459 774 330 330 529 225 345 596 687 909 128 198 667 930 133 128 454 433 94 637 441 145 692 633 130 309 360 96 118 236 342 860 558 814 572 132 612 73 512 952 621 42 641 806 986 334 328 5 25 584 76 641 921 170 331 975 891 901 809 661 200 723 881 452 608 686 146 639 331 645 792 917 548 633 989 843 427 640 780 999 986 634 744 737 236 343 549 547 574 224 250 950 143 746 230 917 254 520 727 16 92 682 694 736 655 497 221 539 511 681 900 291 985 176 780 100 689 297 388 22 981 697 841 743 698 188 879 314 817 987 595 919 899 360 218 466 435 559 587 486 106 253 437 143 582 833 799 487 117 631 676 661 137 636 43 219 136 782 570 664 590 670 838 72 61 605 82 949 23 398 597 980 628 363 650 367 846 402 178 39 10 11 529 31 190 838 523 217 935 330 510 264 257 896 828 385 521 368 193 369 48 9 968 727 806 70 796 103 539 238 411 719 904 7 783 121 635 171 473 901 708 191 713 471 802 690 871 571 41 275 51 31 338 395 680 454 675 899 209 266 830 922 720 730 511 808 105 185 204 699 688 283 369 913 844 899 880 686 103 371 258 641 673 969 389 754 361 113 79 594 115 183 393 898 142 725 557 717 11 311 630 379 650 754 95 797 687 717 908 710 199 873 382 606 264 55 665 60 968 388 956 198 411 802 272 658 458 308 710 841 171 274 387 406 623 664 595 224 20 653 660 511 295 169 645 977 220 921 964 634 246 440 439 129 466 723 315 227 689 614 840 57 736 618 179 907 678 441 411 635 894 90 195 442 311 901 19 570 995 662 195 874 486 731 316 524 716 295 892 896 822 151 128 676 577 417 776 318 651 674 77 94 310 633 209 483 357 211 119 138 927 536 407 959 454 349 668 28 649 348 938 219 40 760 842 55 82 684 492 533 517 93 308 11 835 767 14 874 776 58 148 511 61 374 977 268 297 516 641 429 870 400 762 376 434 474 596 183 982 895 776 644 680 648 399 245 590 908 928 311 635 1000 810 931 574 654 673 672 142 591 174 215 21 16 685 468 782 298 416 510 733 850 558 644 522 577 665 629 383 838 77 440 881 455 49 383 103 380 901 350 781 48 399 339 516 802 441 781 793 617 653 363 630 466 710 635 321 776 100 742 433 196 103 328 379 481 442 428 318 753 221 231 671 586 740 533 523 414 194 291 675 537 405 405 499 304 510 245 611 779 356 330 490 424 64 300 926 394 94 869 861 420 761 342 457 718 970 736 947 363 158 367 856 514 317 648 436 716 48 265 599 308 476 278 953 120 85 684 536 70 803 801 540 94 587 226 318 
1000
reverse 330 466
get 318 324890
set 690 706679
get 696 954511
reverse 126 468
reverse 574 827
reverse 168 440
reverse 522 792
reverse 507 903
reverse 325 826
reverse 200 428
get 822 928500
get 101 475204
get 418 546577
get 316 894978
get 794 978782
reverse 184 509
reverse 234 533
reverse 672 988
set 826 846362
get 18 451586
get 620 988651
set 591 601894
set 617 721615
reverse 528 653
reverse 291 486
get 140 928927
get 166 794707
reverse 75 78
set 206 343445
get 308 616431
get 793 990706
set 61 1838
reverse 60 662
reverse 621 716
reverse 712 980
reverse 361 496
get 548 817511
set 69 18832
reverse 282 620
reverse 307 752
reverse 425 949
reverse 608 957
reverse 283 739
set 176 687104
reverse 129 690
reverse 67 370
reverse 211 795
get 491 589177
set 540 709971
get 265 871265
set 815 925510
set 145 400722
get 268 931302
set 257 459394
set 547 937742
set 12 195328
reverse 78 757
reverse 19 971
reverse 525 989
get 218 276584
get 257 455708
reverse 221 223
reverse 389 498
reverse 604 934
reverse 40 700
reverse 207 912
reverse 59 406
set 515 97856
get 860 965687
get 150 34722
get 512 990301
reverse 59 285
set 198 529770
get 423 477546
get 113 550238
set 268 463186
set 402 456824
set 668 809441
reverse 172 318
set 115 240160
set 204 272818
get 177 603736
get 7 527746
set 50 831838
set 176 770578
get 147 602624
reverse 839 871
get 490 718422
set 779 817525
set 254 705930
get 740 807630
reverse 379 818
get 209 921791
set 666 87065
set 639 917425
set 52 601114
reverse 859 975
reverse 486 495
get 343 583158
reverse 414 455
set 299 752495
get 621 651340
set 285 978991
set 368 733660
reverse 356 711
reverse 801 879
reverse 586 994
reverse 43 859
set 392 679780
set 387 905900
set 311 903549
get 706 823306
reverse 133 698
set 54 888754
set 396 540465
set 153 786622
set 166 389852
reverse 433 858
set 602 683329
set 525 709476
set 27 670354
reverse 104 459
reverse 167 510
set 812 970572
get 391 497702
get 874 935848
set 341 987238
set 431 495744
set 959 980513
get 527 687944
reverse 512 990
get 849 961562
set 722 914119
set 567 935124
set 185 956628
get 120 501326
set 168 664787
get 205 807112
set 339 729459
set 218 365380
reverse 727 936
set 466 502839
get 3 757885
get 518 973692
set 420 674231
reverse 128 471
set 575 889694
set 458 793545
set 130 757305
reverse 19 209
get 201 289694
reverse 835 916
reverse 261 379
set 77 807932
get 524 690392
get 467 803925
reverse 16 866
set 174 797946
set 607 868217
get 561 659139
set 406 976263
get 227 369677
get 73 419852
reverse 509 641
reverse 819 976
get 300 364951
set 478 619794
reverse 803 946
set 60 634615
set 425 571487
get 622 991146
get 170 622635
set 461 701224
set 479 52181
reverse 24 948
get 165 889627
get 185 948643
reverse 188 747
get 289 575624
set 573 823455
set 336 659864
reverse 72 339
get 546 630114
set 295 462150
get 37 975299
get 368 874735
get 431 434569
set 5 80761
set 199 587368
reverse 76 118
get 124 710659
get 60 804775
get 231 646390
get 282 440398
set 27 459716
set 514 722622
set 520 525591
reverse 321 707
reverse 713 906
set 98 388518
set 391 407686
reverse 384 461
get 697 942355
get 45 371865
reverse 146 911
reverse 482 575
set 653 671505
set 54 998713
set 451 878997
set 233 262997
reverse 50 734
set 58 105871
reverse 396 707
reverse 884 973
set 71 605975
get 387 788342
set 612 626624
reverse 419 856
reverse 344 681
set 15 430655
set 177 851282
reverse 208 750
get 174 195694
get 65 845531
set 220 972162
set 619 766399
get 675 995757
set 424 869734
get 476 762926
get 309 358769
reverse 224 913
get 90 887168
set 415 527660
set 77 439885
set 199 25355
get 18 160317
set 614 689965
get 38 518255
get 358 833836
get 286 512387
get 849 91089
reverse 26 230
set 164 732663
set 95 570491
get 26 765251
reverse 291 656
get 649 957449
set 393 67393
get 122 565734
reverse 477 872
reverse 218 750
reverse 412 990
reverse 227 620
reverse 273 462
set 504 916619
get 333 474138
set 391 590927
get 679 964261
set 270 403580
get 193 542779
reverse 128 909
set 410 576578
set 313 76981
set 73 393679
set 663 838113
set 409 64120
get 222 417700
reverse 35 82
set 312 613739
reverse 446 981
set 688 802349
reverse 251 689
set 574 846160
reverse 611 752
reverse 122 736
get 176 268481
get 144 905191
reverse 82 750
reverse 92 735
set 726 964885
get 850 93515
reverse 446 767
reverse 714 974
reverse 375 455
reverse 213 729
get 76 166755
get 51 124434
get 24 554585
set 104 96542
set 493 623555
get 641 727512
get 310 786890
get 937 991578
set 177 210859
get 756 783163
set 237 533100
get 581 612284
reverse 161 802
set 600 967816
set 419 463246
reverse 129 442
get 238 535486
get 391 868390
reverse 362 495
get 153 365404
reverse 614 945
get 97 561927
get 259 520560
get 709 912935
set 297 732904
get 24 287827
reverse 250 504
get 452 516363
set 117 355478
reverse 37 652
reverse 393 579
get 559 889188
reverse 56 189
set 38 409376
reverse 502 741
reverse 107 186
set 757 79375
set 386 713386
set 108 742622
get 260 444663
reverse 53 987
set 80 235124
reverse 119 366
reverse 545 748
set 261 626837
reverse 10 628
get 411 734125
set 332 552656
set 443 589805
reverse 495 725
set 72 486410
set 275 890881
set 263 426739
get 627 714389
reverse 186 524
get 374 835619
reverse 224 790
set 225 789370
reverse 66 274
set 664 873755
set 571 884909
set 95 324813
set 311 382188
set 36 648478
reverse 180 456
reverse 537 891
reverse 174 902
set 47 237958
set 511 693672
set 335 686887
get 781 941879
reverse 553 901
set 409 723861
set 62 70510
reverse 393 483
get 456 581632
reverse 380 440
get 175 257943
reverse 269 554
set 95 867994
reverse 302 851
set 240 886632
set 343 492931
set 496 749867
reverse 27 712
reverse 280 307
set 590 977976
set 142 904977
get 119 365363
reverse 467 939
reverse 248 540
reverse 697 998
get 29 461656
reverse 297 779
set 246 675115
reverse 452 682
get 155 788837
set 532 784469
reverse 88 938
set 135 42898
set 28 273800
set 318 783110
set 72 11987
get 238 530394
reverse 146 224
set 317 913153
get 351 616832
get 603 884835
set 88 799185
set 657 835847
reverse 480 766
reverse 705 777
set 414 944646
reverse 968 996
set 134 328523
reverse 602 671
set 637 713712
set 311 988667
set 40 61616
reverse 307 783
set 34 953665
reverse 103 162
reverse 174 278
get 868 95884
get 564 855706
reverse 169 423
reverse 284 437
get 272 626678
get 320 805508
reverse 170 554
set 768 834332
reverse 576 782
reverse 73 743
reverse 14 746
reverse 184 788
set 257 593763
reverse 54 597
get 362 931125
set 769 783131
get 782 952639
set 198 427338
get 671 914479
get 624 783902
get 256 845762
get 202 51255
reverse 227 748
reverse 244 814
set 508 622459
set 246 256122
get 36 801812
reverse 528 662
get 624 974188
reverse 546 724
set 712 997559
set 559 719399
get 1 179323
set 575 762927
set 530 564351
set 421 829779
reverse 249 694
get 123 923928
get 32 541106
reverse 86 521
reverse 117 137
set 157 767420
get 248 545175
reverse 40 600
set 165 411331
reverse 409 714
reverse 443 960
reverse 247 740
set 571 629754
reverse 684 882
reverse 53 837
set 225 638929
get 591 726984
get 70 552691
get 191 234673
set 240 725196
get 162 909448
set 760 940378
reverse 259 468
get 453 94919
reverse 128 263
reverse 299 995
get 184 30310
set 62 233692
reverse 253 270
get 557 978231
get 105 412545
reverse 908 994
reverse 258 625
get 232 525608
reverse 376 637
reverse 142 988
set 123 239389
set 152 267240
get 43 745346
reverse 188 670
set 651 996995
reverse 440 927
reverse 362 437
reverse 230 988
get 561 908142
set 763 791759
set 314 574797
set 465 940211
reverse 161 268
reverse 16 487
get 576 955458
set 241 489351
reverse 140 583
get 673 7900
reverse 21 966
set 490 878282
set 401 420675
reverse 509 666
set 27 436750
set 411 734532
get 376 980628
reverse 235 552
reverse 44 415
reverse 199 324
set 192 794697
set 263 816480
set 339 396772
reverse 219 326
get 99 484323
get 720 772313
reverse 33 524
set 498 784477
reverse 788 914
set 832 958230
reverse 638 914
get 237 457649
get 750 913599
reverse 487 868
set 1 9698
set 321 689556
get 309 560554
reverse 987 992
get 121 634278
get 350 806322
get 103 874256
set 526 709665
set 468 695353
reverse 343 753
get 364 792835
set 27 336620
get 91 60186
get 406 858866
reverse 151 204
set 412 729937
reverse 814 847
set 501 559568
reverse 385 466
set 30 230481
reverse 14 83
get 496 621247
get 740 887483
reverse 108 255
get 13 709340
set 43 14833
set 8 245638
set 76 125409
set 480 902742
set 598 741645
reverse 360 414
get 200 585291
get 49 429923
reverse 152 330
get 378 823247
set 530 851119
set 730 821830
set 446 895293
get 765 848226
set 726 969376
set 438 998791
reverse 24 828
reverse 510 683
set 408 68216
reverse 337 479
reverse 143 949
reverse 285 479
reverse 98 266
reverse 385 571
reverse 705 905
set 445 6123
set 615 696207
get 315 71572
reverse 235 269
set 430 790611
get 137 555186
get 371 768186
set 23 499751
set 343 703346
set 300 58081
reverse 138 651
set 608 960886
set 85 210877
set 4 771380
get 162 278183
get 504 590215
set 79 282792
reverse 103 754
set 558 638135
reverse 490 715
set 666 723468
set 751 80145
get 137 957496
get 20 774825
get 375 643871
get 109 134677
reverse 491 581
set 199 96195
get 20 248833
get 613 722759
reverse 125 343
get 323 857351
reverse 560 860
reverse 180 287
set 413 90224
set 498 682669
set 162 800792
reverse 86 181
set 147 159877
get 798 985462
get 639 955317
set 137 483644
set 311 453342
reverse 649 884
reverse 35 77
get 709 912461
reverse 96 508
get 13 850885
set 402 946416
set 118 592263
set 492 524473
set 15 513834
reverse 310 536
reverse 648 942
reverse 528 535
get 410 461313
get 99 456459
reverse 47 462
set 71 113714
set 180 791724
reverse 391 868
set 164 166518
reverse 59 920
get 267 858564
reverse 828 898
reverse 197 371
reverse 492 534
get 378 896999
get 532 53518
set 93 245613
set 76 584385
reverse 354 720
set 138 356671
set 683 867875
get 289 957806
get 521 587992
set 315 672678
set 421 754809
reverse 519 943
reverse 116 852
reverse 245 570
get 572 979855
get 475 86165
get 132 755933
get 448 866925
get 447 543472
reverse 185 421
get 250 91181
reverse 80 166
get 524 559759
set 88 989673
get 16 273968
reverse 70 187
set 335 369946
get 868 915655
get 23 458963
reverse 573 659
get 4 260765
get 547 708252
set 76 808171
set 70 745300
reverse 622 872
get 930 936456
reverse 580 637
reverse 381 565
reverse 246 767
get 951 993389
get 568 825967
get 52 803571
reverse 192 948
get 70 109663
set 45 639759
reverse 167 697
reverse 631 982
get 40 832197
reverse 20 236
set 126 216408
reverse 204 363
get 387 575523
set 802 856954
set 292 710387
reverse 397 464
set 25 73312
reverse 201 710
set 649 966755
reverse 705 892
reverse 387 960
get 51 129595
reverse 407 639
get 248 748867
reverse 123 416
get 764 778937
set 615 955283
get 512 878674
get 605 978560
set 79 802831
set 794 95553
reverse 546 865
get 626 898820
get 200 682350
set 540 830291
get 276 867575
set 591 959719
reverse 739 975
reverse 78 161
set 202 530825
set 480 994286
set 333 449918
set 492 720894
get 137 581420
reverse 379 519
get 52 92291
set 385 755136
reverse 531 991
reverse 95 981
set 245 529121
set 239 353550
get 58 462492
reverse 582 665
reverse 210 353
reverse 128 911
get 168 771549
set 594 76782
get 663 706938
reverse 962 987
reverse 311 700
get 17 381640
reverse 192 465
reverse 280 873
set 908 966687
set 688 770767
reverse 373 956
set 672 710169
reverse 98 668
set 61 68972
get 356 95260
get 203 715364
reverse 158 160
set 52 462195
get 444 790919
get 492 862162
reverse 364 701
set 110 769148
get 124 797410
get 147 808450
reverse 92 752
get 169 902793
set 332 452621
set 236 908555
get 100 252494
set 37 920323
get 815 855239
set 102 483145
get 617 73874
reverse 39 828
reverse 140 758
set 256 707724
get 794 879829
set 158 263895
set 172 409856
get 510 632949
get 423 430623
get 88 868209
get 584 865428
get 877 987923
reverse 682 837
get 247 257234
get 744 924404
set 371 436645
get 117 748476
get 323 813485
reverse 161 718
reverse 143 437
get 20 905314
get 405 812713
set 509 935291
reverse 74 996
reverse 194 449
reverse 377 525
set 97 393376
get 471 685696
get 547 932354
reverse 19 840
get 21 898534
reverse 612 691
reverse 28 905
get 442 645398
get 612 82799
set 62 29028
get 134 372528
set 348 606903
get 94 281851
get 257 542834
get 30 892874
reverse 564 982
reverse 75 278
set 535 806617
set 87 755393
get 423 700296
get 269 864574
reverse 221 663
get 391 65221
get 153 95648
set 604 988618
set 42 903633
reverse 576 755
reverse 671 752
set 318 340309
get 512 751137
get 184 221906
get 116 893190
get 142 264516
set 242 298754
reverse 849 952
set 190 266654
get 294 783245
get 135 246148
reverse 276 453
set 175 309759
get 403 701862
get 472 811690
reverse 126 427
get 257 309725
set 60 903954
reverse 359 846
reverse 7 271
get 496 503538
reverse 2 315
reverse 676 870
reverse 227 820
reverse 123 786
get 678 802231
reverse 200 564
set 558 917443
get 677 80614
reverse 725 994
get 185 876960
reverse 323 337
reverse 268 380
set 660 680645
get 82 153666
get 49 905802
reverse 459 620
reverse 224 543
get 640 820360
set 110 715422
set 74 402963
reverse 541 801
get 545 670240
reverse 154 575
set 553 704155
get 128 878586
set 209 968212
get 216 320886
get 360 45795
reverse 362 872
set 875 890501
get 329 43186
get 714 91395
reverse 566 916
reverse 752 956
set 162 607904
reverse 119 730
get 113 605562
set 295 43184
get 118 557334
set 2 57048
get 314 637275
get 107 538855
reverse 624 970
get 33 997474
get 622 711973
set 221 952182
reverse 77 316
get 367 659690
set 375 381550
reverse 127 701
set 170 297775
reverse 580 752
reverse 17 699
get 86 251487
get 87 501455
reverse 35 795
reverse 40 769
reverse 657 903
set 512 90126
get 290 56961
set 54 879260
reverse 216 226
get 174 450516
set 664 828315
reverse 218 809
get 314 467395
get 226 609109
set 233 588312
get 439 470466
get 289 724889
reverse 405 891
reverse 344 377
set 447 685777
set 777 970197
reverse 187 589
get 396 463491
get 62 845101
set 252 751210
get 527 965746
reverse 623 943
set 9 101601
reverse 291 637
get 539 88789
reverse 39 242
get 82 226679
set 269 494853
reverse 285 327
set 230 465736
set 314 770712
get 72 894528
set 650 961204
set 253 610148
set 79 899284
reverse 277 729
reverse 678 869
set 453 920186
reverse 225 438
get 550 632425
reverse 514 815
set 431 617367
get 113 379618
reverse 310 829
get 660 832453
reverse 277 377
set 178 768157
set 736 895329
set 105 288529
reverse 112 229
get 256 278331
set 727 745374
get 224 815311
set 16 68502
reverse 300 986
get 843 948844
reverse 475 873
reverse 471 841
reverse 742 942
reverse 46 92
get 158 821401
get 723 90344
reverse 117 892
get 238 275307
reverse 181 925
get 250 4022
set 534 940663
reverse 706 708
set 349 978706
reverse 47 321
reverse 439 791
get 614 80256
reverse 398 984
reverse 495 866
set 412 936717
reverse 371 918
reverse 189 521
set 138 7591000
reverse 392 528
reverse 305 948
get 405 659950
reverse 704 855
reverse 517 931
get 226 364906
set 608 76264
get 89 687405
set 726 963673
set 534 913253
reverse 215 518
reverse 523 666
set 492 99959
get 626 752638
set 39 922261
get 427 465997
get 924 941463
set 348 921302
get 288 384988
set 513 513548
reverse 541 829
get 346 706823
reverse 602 697
reverse 136 217
